参数配置：k=4, alpha=0.8, d_min=0.01, run_times=200
F=93.47452480979085, 
centers=[[ 2.52874234  3.09965164]
 [-2.55681565  2.85532312]
 [-3.51309448 -2.58771099]
 [ 2.86148434 -3.05074804]], 
near_cen=[0 1 3 2 0 1 3 2 0 1 3 2 0 1 3 3 0 1 3 2 0 1 3 2 0 1 3 2 0 1 3 2 0 1 3 2 0
 1 3 2 0 1 3 2 0 1 3 2 0 1 3 2 0 1 3 2 0 1 3 2 0 1 3 2 0 1 3 2 0 1 3 2 0 1
 3 2 0 1 3 2], 
dist=[[ 1.47032343  4.4516671   8.60153661  7.43378768]
 [ 5.99123284  1.06213784  6.0123255   9.04477242]
 [ 4.83796757  8.41072432  8.47382287  2.74119585]
 [10.21263686  6.82826109  2.02087833  8.24707682]
 [ 1.56605054  3.53004944  7.10640824  6.26631166]
 [ 6.2950799   1.66569618  4.11968681  7.89526704]
 [ 6.73071802  6.85273362  4.02759316  2.42394996]
 [ 7.71117385  4.67328528  0.86367012  6.48565346]
 [ 1.5113096   5.37544818  7.46385035  4.64958599]
 [ 5.68596337  0.6872949   5.78984063  8.67047195]
 [ 7.12798857  8.9296248   6.82625865  0.99659466]
 [ 8.1659693   5.95911818  0.88838533  5.64853047]
 [ 1.68335858  6.76624401  9.52220993  6.18409098]
 [ 4.65470379  0.44232939  5.70300259  7.79601481]
 [ 4.01735595  4.66424004  4.71489109  3.35638112]
 [ 7.64355219  7.15429633  3.41061256  3.37950538]
 [ 1.55541678  5.53872622  7.58788419  4.62486216]
 [ 3.32781532  1.83277553  6.5260594   7.3631726 ]
 [ 6.47003396  8.29742844  6.50226742  0.31711531]
 [ 7.85838682  5.17883082  0.43921344  6.10571168]
 [ 0.29563323  4.89330064  8.00371674  5.9490682 ]
 [ 4.34941879  0.8272069   5.42415026  7.2813665 ]
 [ 5.01711336  6.72336271  5.74379155  1.32708623]
 [ 8.35105356  5.69686084  0.21990843  6.27077322]
 [ 1.08336081  4.4545898   8.35697562  7.01573029]
 [ 4.30577097  1.07001621  5.15195293  6.97065822]
 [ 5.15441989  7.11515432  6.12931901  1.03192534]
 [ 9.08261937  6.23348554  0.79233655  6.87051984]
 [ 0.39539733  4.84387951  8.30700744  6.46655831]
 [ 5.69892588  2.07380732  3.47443196  6.7387658 ]
 [ 7.29834501  7.71643579  4.67839454  2.15414638]
 [ 8.19858275  5.23704786  0.36429714  6.58343885]
 [ 0.60461359  4.60463971  7.69679372  5.84317561]
 [ 5.86845149  1.24739444  4.37995229  7.74291767]
 [ 4.33373713  7.84486891  8.0809506   2.69254935]
 [ 8.34360069  6.35293897  1.30376247  5.45911747]
 [ 2.18642527  5.02176893  9.47005823  8.29832397]
 [ 3.4507532   1.88131617  5.49108965  6.3887799 ]
 [ 5.76642717  7.71303653  6.35000969  0.39298577]
 [ 8.99446386  6.24200984  0.7410656   6.70243825]
 [ 0.89722599  4.76629064  8.56614441  6.97878672]
 [ 5.24072458  0.16694739  5.56993947  8.16865585]
 [ 6.34010505  8.46020004  6.90599098  0.52302053]
 [ 8.68252655  7.10126564  2.15457825  5.12119757]
 [ 0.21470252  4.8971208   8.20976343  6.25317829]
 [ 5.81614516  0.8393576   5.86525403  8.81861946]
 [ 6.93773847  8.74064093  6.71761417  0.79831283]
 [ 8.37710524  5.42314476  0.29357577  6.65239728]
 [ 1.06288749  6.0993513   8.86425022  5.86917211]
 [ 4.41563232  1.6101564   7.0559902   8.62059212]
 [ 6.0965779   7.48550402  5.65404994  0.73746738]
 [ 9.82281815  7.01948092  1.5750766   7.23988892]
 [ 2.39622526  6.74606741 10.63100659  8.23924326]
 [ 7.31979523  2.28573974  6.08107531  9.97849259]
 [ 6.36108114  8.01546084  6.17396609  0.31693291]
 [ 8.92665849  6.01154791  0.63137486  6.87116724]
 [ 1.13648742  5.12844174  7.53623982  5.02794029]
 [ 5.06311447  0.21748561  5.32451301  7.82952183]
 [ 6.31102732  7.47846996  5.40958646  1.00498387]
 [ 8.77531351  6.45706911  1.04240953  6.05518474]
 [ 0.71155677  5.46332212  8.1748378   5.53997276]
 [ 5.09582796  0.02967209  5.55409492  8.04030239]
 [ 7.11254194  9.10248555  7.13494379  1.09568652]
 [ 7.21690974  4.86744529  1.1085185   5.52570405]
 [ 1.19466786  5.99676589  9.48914543  7.04963292]
 [ 4.17250517  1.18277217  6.44612986  7.99572411]
 [ 5.66453269  7.26088413  5.79377844  0.76078173]
 [ 8.08130229  5.95926907  1.00426041  5.51296285]
 [ 0.2146041   4.88740602  8.18656508  6.22919288]
 [ 4.2174797   0.87518924  5.82164915  7.52079414]
 [ 6.73864821  8.55318017  6.62506382  0.59420063]
 [ 8.87411312  5.43932648  1.15846933  7.51107134]
 [ 2.58323841  6.97077818  8.55746775  4.38547686]
 [ 4.66260915  0.48549542  5.84641354  7.91881081]
 [ 6.0533068   9.03138305  8.18202469  1.87214008]
 [ 7.47524329  5.01061009  0.84263718  5.72606282]
 [ 0.35978132  5.44417163  8.52255831  6.09422802]
 [ 5.50211545  0.41088479  5.46370149  8.29350421]
 [ 5.24093669  8.41740178  8.03468168  2.06667981]
 [ 9.56021522  6.22638883  1.42952369  7.76830618]]

参数配置：k=4, alpha=0.5, d_min=0.01, run_times=200
F=182.89468152664978, 
centers=[[ 3.03258123  4.00518024]
 [-2.48347677  1.88272389]
 [ 1.88484308 -3.22465561]
 [ 5.28216839  2.89831335]], 
near_cen=[0 1 2 1 0 1 2 1 0 1 2 2 3 1 2 2 0 1 2 1 0 1 2 1 0 1 2 1 0 1 2 1 0 1 2 2 0
 1 2 1 0 1 2 2 0 1 2 1 0 1 2 1 0 1 2 1 0 1 2 2 0 1 2 1 0 1 2 2 0 1 2 1 3 1
 2 1 0 1 2 1], 
dist=[[ 1.40183517  4.78869225  7.5131872   3.87952767]
 [ 6.51222489  1.82149102  8.52694513  8.75167718]
 [ 5.46367903  7.9254523   3.60829092  4.07412163]
 [11.18228828  5.99136077  7.26585625 12.36400179]
 [ 2.32646421  3.60952253  6.21604991  4.30968145]
 [ 7.04876926  1.13986631  7.23565383  8.95499426]
 [ 7.75013796  5.95756002  1.43632487  7.86069458]
 [ 8.67956018  3.74417457  5.57749917  9.9131191 ]
 [ 2.43764169  5.16027222  4.88283538  2.92043596]
 [ 6.24237192  1.4713548   8.15949653  8.44373239]
 [ 8.00612178  8.15570602  1.49699875  7.21559088]
 [ 9.1836831   4.99130519  4.67336016 10.05389783]
 [ 1.5565878   6.78182982  6.62999571  1.07746831]
 [ 5.26411838  1.12011711  7.35594984  7.40564243]
 [ 5.05307334  3.9675293   2.98829451  5.68922652]
 [ 8.67371932  6.20914218  2.39413699  8.9043623 ]
 [ 2.43945001  5.32410111  4.89119044  2.78544704]
 [ 3.87963774  2.2361065   7.09165677  6.08859272]
 [ 7.36279419  7.5437077   1.06690248  6.67826863]
 [ 8.85136283  4.22711414  5.16708328  9.93644605]
 [ 1.32728046  4.92102308  6.11645616  2.94581481]
 [ 5.03261904  0.96795524  6.84641138  7.07688226]
 [ 5.9709347   6.01638674  1.35350739  5.7133615 ]
 [ 9.35076847  4.75091884  5.30701515 10.37604587]
 [ 1.26060518  4.70676929  7.10628898  3.63918535]
 [ 5.04355737  0.86776677  6.52103219  7.00245363]
 [ 6.07547344  6.42425601  1.36785428  5.63567283]
 [10.07848293  5.31299043  5.89212633 11.11616306]
 [ 0.99087741  4.97429627  6.62272571  3.0637509 ]
 [ 6.55675836  1.1148857   6.07511781  8.23686637]
 [ 8.29708724  6.82649815  1.23770104  8.17135464]
 [ 9.17877915  4.31155414  5.64215568 10.33634018]
 [ 1.607943    4.60926853  5.96212006  3.24001385]
 [ 6.60788556  0.7133887   7.1272662   8.54509685]
 [ 5.00997375  7.37043366  3.45842821  3.8301185 ]
 [ 9.36935119  5.38115341  4.47249391 10.13461086]
 [ 1.64695056  5.48266101  8.41505665  4.09475545]
 [ 4.24146106  1.71173628  6.03923767  6.12254109]
 [ 6.66661988  6.99468289  1.10732007  6.07124312]
 [ 9.99480906  5.31210238  5.72279436 11.00108682]
 [ 0.94343737  4.99911709  7.113818    3.3350774 ]
 [ 5.84254572  1.0653153   7.67517314  7.99124331]
 [ 7.19774397  7.74003865  1.48272997  6.37744952]
 [ 9.71725936  6.12601481  4.13116694 10.27928598]
 [ 1.08423729  4.9847268   6.41984043  2.96600631]
 [ 6.35967379  1.60477024  8.30338424  8.57517847]
 [ 7.82063353  7.9715813   1.34335173  7.06194704]
 [ 9.35987961  4.5003722   5.70227035 10.49823512]
 [ 1.32796631  6.09180227  6.2280188   1.74420954]
 [ 4.77523167  2.47369217  8.29777583  7.14626781]
 [ 7.04727696  6.7036599   0.34167906  6.67476387]
 [10.82647518  6.10483684  6.24951983 11.79032403]
 [ 1.36203133  7.06862245  8.57521965  2.68820471]
 [ 7.84574685  2.73529623  9.37256714 10.07915445]
 [ 7.27736944  7.24859366  0.74011687  6.70813378]
 [ 9.9173832   5.09469216  5.89929598 10.99380627]
 [ 2.11144082  4.97766063  5.22394787  2.94109085]
 [ 5.71127145  0.76003772  7.33255664  7.8000365 ]
 [ 7.27588437  6.6706543   0.05250082  6.9701039 ]
 [ 9.79322283  5.49835295  5.06797515 10.64565502]
 [ 1.52235285  5.41177868  5.80225516  2.4227526 ]
 [ 5.70626266  1.00482934  7.55646955  7.84471966]
 [ 7.96587317  8.34785384  1.76138464  7.0762269 ]
 [ 8.21881423  3.8957063   4.61279188  9.25752614]
 [ 0.3011771   6.1840428   7.35178737  2.23074574]
 [ 4.66941213  1.89968126  7.64671282  6.93190375]
 [ 6.60755209  6.51378737  0.77404257  6.22867867]
 [ 9.10135923  4.98874312  4.53769786  9.94770992]
 [ 1.10842879  4.97045734  6.39456155  2.97187827]
 [ 4.83709216  1.3242489   7.12376602  6.96799428]
 [ 7.6254324   7.79052823  1.21251792  6.89633231]
 [ 9.82746771  4.58597789  6.56714916 11.11297821]
 [ 3.10480966  6.72235048  4.9271262   2.07797323]
 [ 5.24623367  1.26042018  7.48808648  7.41860445]
 [ 6.76865049  8.42129545  2.86166158  5.49534615]
 [ 8.47483506  4.04431016  4.79999867  9.5233784 ]
 [ 0.97313582  5.49164742  6.34724522  2.40245066]
 [ 6.11066237  1.08051975  7.77381886  8.2499646 ]
 [ 5.94856593  7.86033919  2.97701745  4.73169222]
 [10.52847087  5.3709381   6.79764602 11.72769657]]

参数配置：k=4, alpha=0.5, d_min=0.01, run_times=400
F=104.24083451589684, 
centers=[[ 3.63050587 -3.65188557]
 [-3.36230508 -2.95151557]
 [ 2.68682684  3.01356509]
 [-2.71570013  3.39567713]], 
near_cen=[2 3 0 1 2 3 0 1 2 3 0 1 2 3 2 1 2 3 0 1 2 3 0 1 2 3 0 1 2 3 0 1 2 3 0 1 2
 3 0 1 2 3 0 1 2 3 0 1 2 3 0 1 2 3 0 1 2 3 0 1 2 3 0 1 2 3 0 1 2 3 0 1 2 3
 0 1 2 3 0 1], 
dist=[[ 8.17821532  8.80809174  1.63503866  4.46419164]
 [10.01291606  6.37649141  6.1542368   0.73854255]
 [ 2.77670818  8.3956645   4.68788137  8.81689543]
 [ 9.01487757  2.05876603 10.28193665  7.26392252]
 [ 7.09281729  7.30162885  1.71659651  3.71829133]
 [ 8.87051054  4.48783923  6.4279105   2.04963888]
 [ 3.19905909  3.82901356  6.69998332  7.40860025]
 [ 7.37397192  1.2334136   7.78241934  5.17789368]
 [ 5.3341454   7.55268834  1.41883813  5.67762338]
 [ 9.63795637  6.14609978  5.84600933  0.48593001]
 [ 0.58077171  6.61145199  7.02971953  9.44892743]
 [ 6.44108537  0.59415462  8.20541136  6.49542068]
 [ 6.66190637  9.6204834   1.52162968  6.93606002]
 [ 8.75237402  6.02367584  4.81067605  0.74530492]
 [ 4.3159498   4.75892954  4.01648903  5.16841954]
 [ 4.03494251  3.13768064  7.6265154   7.71740588]
 [ 5.28660682  7.67109798  1.44681529  5.83881187]
 [ 8.27482106  6.79990481  3.49256511  1.9262636 ]
 [ 0.74759336  6.31882946  6.37580851  8.81057104]
 [ 6.96210445  0.68802046  7.91641882  5.69986555]
 [ 6.6540373   8.15017003  0.37674707  5.07889404]
 [ 8.23761903  5.72687373  4.49669195  1.25367617]
 [ 2.26336316  5.64998002  4.94459847  7.22321792]
 [ 7.08791509  0.17802773  8.40452397  6.21214385]
 [ 7.75713559  8.55014529  1.25614201  4.519937  ]
 [ 7.93031551  5.44545771  4.44473771  1.55358851]
 [ 1.90487024  6.02247844  5.06880201  7.60822148]
 [ 7.65070495  0.69373554  9.13821698  6.72787753]
 [ 7.1720536   8.47164501  0.56920633  4.97344074]
 [ 7.71343067  3.79859563  5.81017966  2.61081593]
 [ 2.71654047  4.4333865   7.25081243  8.27077383]
 [ 7.43615018  0.75770309  8.2636212   5.73742956]
 [ 6.58070736  7.8480697   0.69840554  4.80753371]
 [ 8.71896635  4.73494004  6.00432209  1.68344923]
 [ 2.92534113  8.02267092  4.18992223  8.24836609]
 [ 6.21173882  0.95459619  8.37419958  6.89460219]
 [ 9.01214394  9.68851647  2.31842266  4.94212571]
 [ 7.32764482  5.74122488  3.58256487  2.26694177]
 [ 1.27165923  6.20574393  5.67409602  8.21467511]
 [ 7.47898408  0.56351894  9.0471992   6.74351737]
 [ 7.69235866  8.7494264   1.0532822   4.83731619]
 [ 9.13403255  5.91160879  5.396606    0.47183722]
 [ 0.53627889  6.73338409  6.23556567  8.9611509 ]
 [ 5.78122331  1.78347717  8.69635042  7.65137224]
 [ 6.95441819  8.36598816  0.39404527  5.04986405]
 [ 9.78657692  6.22509688  5.97727999  0.58216688]
 [ 0.56329575  6.51125917  6.84077192  9.25849799]
 [ 7.49254115  0.65538416  8.44066505  5.92106283]
 [ 6.43132582  8.97257406  0.88685768  6.28808474]
 [ 9.54497241  7.37394503  4.59079145  1.29338411]
 [ 1.64523831  5.48947231  6.0233108   8.00928517]
 [ 7.9594721   1.37763838  9.87294338  7.50803335]
 [ 8.78913958 10.79768346  2.39278507  6.73644209]
 [10.95407222  6.46878226  7.48125812  2.07110573]
 [ 1.07977101  5.9943659   6.27459382  8.53351151]
 [ 7.66945795  0.64754047  8.9854511   6.50373925]
 [ 5.72954091  7.64527229  1.06750237  5.40245835]
 [ 8.79578429  5.6576873   5.21373321  0.78013131]
 [ 1.8290411   5.2315119   6.24427484  8.01049873]
 [ 6.80215369  0.64968401  8.81430157  6.98300001]
 [ 6.18499511  8.29124289  0.56395583  5.68269612]
 [ 9.00429512  5.89049912  5.25095377  0.53368884]
 [ 0.32683381  6.92537499  7.007358    9.61489231]
 [ 6.409538    1.2316691   7.26957998  5.40987026]
 [ 7.64078372  9.63926007  1.16510702  6.07710557]
 [ 8.92949939  6.75414889  4.33986461  1.11313998]
 [ 1.73655807  5.6565243   5.58779369  7.77345692]
 [ 6.30565231  0.7270741   8.11847466  6.49919491]
 [ 6.93161492  8.34229107  0.39184255  5.04284236]
 [ 8.46823698  6.12514327  4.37315375  1.12641553]
 [ 0.6003279   6.42819661  6.64273984  9.0690662 ]
 [ 8.3596846   1.45507013  8.95131474  5.89087195]
 [ 4.81193267  8.58853896  2.41632436  7.27482253]
 [ 8.87303129  6.16875449  4.82135561  0.6555403 ]
 [ 1.50484552  8.04060322  5.91805461  9.48865209]
 [ 6.5970499   0.98322557  7.52931019  5.54592523]
 [ 6.73679983  8.65777727  0.1995271   5.61087247]
 [ 9.26246091  5.81362274  5.6568769   0.60221722]
 [ 2.06922773  7.93092885  5.10348705  8.85430531]
 [ 8.56815796  1.54379082  9.63045845  6.67611953]]

