0.147616 1.761179
1.500166 0.860106
-0.626101 0.066164
0.030345 0.997952
1.377757 -2.081362
0.022129 0.904367
1.023582 0.414973
-1.066964 0.218443
1.686427 -0.846441
-2.273670 0.833446
0.369842 -0.311409
-0.822636 -0.002081
1.038108 0.887399
0.744338 0.872682
0.222028 -0.524063
0.015273 -1.142533
-0.026194 0.309302
1.302672 1.049039
0.509113 -2.116715
1.292404 -1.773112
-2.376198 -0.221140
-2.012469 -0.910145
0.484977 1.634542
0.612447 -0.635296
-0.372900 -1.028980
0.621369 0.701432
-1.086476 -0.713942
0.111783 1.235794
0.830316 -1.498558
0.651280 -0.618341
0.353883 -0.253011
-0.074012 0.726092
2.293548 0.675001
-0.306143 0.738512
0.098399 0.522390
-0.842380 -0.546252
-1.552512 0.246081
-0.240274 -0.701479
0.958097 1.031416
0.654727 -1.316563
-2.460931 1.899201
-0.207104 -0.949549
0.684508 1.202357
1.008352 -0.770227
-0.138831 -0.059584
0.284145 -0.781066
1.136033 -1.167157
0.034959 0.334797
0.782480 -1.074103
-0.566709 0.196767
0.715197 0.404126
0.787266 0.538908
0.309609 -1.942187
1.669484 -0.682036
0.482982 -0.168692
0.446303 -1.169142
0.285333 -0.859505
-1.086163 -1.762845
0.876329 0.965079
0.385999 -0.508245
1.468910 -0.155392
0.411899 0.594946
0.317950 -0.251824
0.165842 0.622094
1.329062 0.963280
0.010759 1.093487
-0.836659 -0.249720
-0.982277 0.094281
-0.286870 -0.997325
0.141258 -1.134172
-0.915505 1.423442
-1.114480 0.551338
-1.326267 -0.727275
-0.262323 -0.037961
1.285144 0.450972
1.325472 0.113581
-0.012362 -0.979192
0.354648 0.125673
-3.382971 0.274453
-0.797522 0.504716
0.105327 1.439425
2.416261 0.151531
0.745339 -1.104213
0.600784 1.038602
0.426132 0.293763
-0.836883 -0.181281
-0.336567 1.697016
0.514254 -0.202327
0.183304 -1.598977
0.839573 -0.677771
-1.598976 -0.138381
1.546070 -1.924434
-0.655253 -0.192963
0.247799 -1.439921
-0.777798 -0.902869
0.014948 1.015454
-0.098465 -0.657031
1.144319 1.144798
0.744546 0.016866
-1.050752 0.257114
10.353175 0.190934
10.069999 1.241149
11.321001 -2.406381
10.097983 0.924042
11.240344 -0.766774
9.082860 -0.116084
9.039964 -0.791776
9.863085 1.195027
9.865644 0.553817
12.406454 -1.520295
9.228274 0.647377
11.461657 1.048086
9.491358 -1.702454
9.826558 -0.533508
9.886311 2.887521
10.093510 -1.899762
9.141094 -0.285991
10.075909 1.090190
8.400064 0.972022
9.613468 1.281884
9.527760 -0.965103
10.117794 -1.064163
10.553662 -0.818506
8.588988 1.004031
11.340597 -1.172510
9.956238 0.042640
10.531986 0.884298
10.106605 0.607159
9.666469 0.567651
10.957095 -2.275518
10.333799 0.638800
11.710560 -1.365736
10.206626 0.297266
10.356119 -0.243766
11.269873 -0.060293
9.427573 -0.656282
9.960841 2.529344
9.554084 -0.153894
9.879820 0.107390
9.433986 0.468652
9.662580 1.676680
10.649809 -0.699580
9.206527 0.614036
8.776181 -0.738399
10.652935 0.542554
9.708071 -1.034436
11.846865 0.469618
9.368981 -0.186476
10.116106 0.634054
10.751179 0.241198
10.091015 0.027430
9.368873 0.931382
8.739474 0.779145
11.432529 0.298816
8.248962 -0.499119
9.573173 1.938312
9.479862 -1.143413
10.368995 -0.382220
11.075614 -0.443091
9.371617 0.026753
11.413719 -2.675010
10.053924 -0.198109
9.984357 1.941880
7.710020 0.523384
9.465956 0.605784
10.228380 0.185643
9.145852 0.027306
10.436663 -1.276170
10.234340 -0.164541
9.624580 0.073640
7.999276 1.035624
10.618817 1.922101
9.054401 0.610905
9.585382 -0.294615
9.920951 1.905707
11.294217 1.921266
8.976864 -0.292158
8.498900 -1.145158
10.365206 0.527447
8.936174 0.164483
10.329784 -0.890027
10.970234 0.988205
9.161514 0.545040
11.217050 -0.108653
8.028940 1.175092
8.488262 -1.157205
11.329104 -1.608379
10.572371 -0.239236
9.048765 -0.200340
8.695342 0.790382
10.118494 -0.878414
9.319182 0.596323
11.408712 0.497057
8.808899 -1.277602
9.601540 0.487965
10.826015 -1.339844
8.799213 -0.105797
10.743349 -0.550790
10.483649 1.243925
10.323667 0.986103
0.013178 7.873919
-1.313432 10.050536
-1.393258 8.344453
-0.030265 10.267914
1.381675 10.759337
1.407398 10.521147
-2.241969 8.814228
0.203918 9.110881
-2.069909 9.329825
1.171084 9.959875
0.268233 8.904825
1.192028 9.495292
-0.595034 9.641714
-0.846632 9.658333
-0.450819 10.456264
-0.696061 9.745542
0.614125 11.185340
0.382667 10.723794
-0.205374 8.209171
-0.577759 12.242170
1.328539 9.388742
0.401311 10.527967
0.612773 10.954301
-0.124316 9.632168
-1.363748 8.004173
-0.520524 8.831872
0.497432 11.460149
1.575719 10.580951
0.233997 10.155466
-1.176158 10.447997
2.228022 12.197511
0.543287 11.660486
0.085134 8.613745
-1.106533 9.896891
0.109907 12.434604
0.614372 9.778095
0.949708 8.180762
-0.446566 10.348926
-0.396993 10.468049
-0.361916 10.767192
-0.568497 8.008476
-1.172571 10.815384
-1.157787 10.661712
-0.266286 8.993614
1.445874 8.905814
-0.307218 10.816290
-0.297989 9.743276
0.943149 10.495269
0.017788 9.464152
1.382194 11.162693
-0.693830 10.534726
0.033422 10.668737
0.074835 11.400309
0.396777 9.799173
-0.482114 8.050254
1.179662 10.903799
-0.887767 8.641019
0.057082 9.647217
0.130851 12.114719
1.319113 11.063820
0.337307 9.054303
1.007533 11.872346
1.005910 11.047609
0.932234 11.315725
-1.323652 11.849806
-0.609296 11.857839
-0.092704 10.355364
-0.464769 10.561385
0.274745 11.559753
0.649508 9.627896
-0.613557 9.713948
0.218522 9.882893
0.064764 9.185658
-0.942013 9.511646
-0.013787 10.650648
-1.348562 10.330590
-0.786458 11.703242
-0.999918 11.432557
0.396409 10.451690
-0.027985 9.554275
-1.569623 9.077013
-0.728204 9.021385
-1.417375 10.762440
-0.083835 9.358556
-0.984101 10.307561
-1.773054 10.148729
-1.017371 8.991323
-2.020986 8.397722
-0.453401 10.778414
-1.045407 8.881903
-0.055651 10.695946
0.175121 8.525132
2.540877 11.035604
0.019469 9.761593
-0.947427 10.153996
-0.971925 9.790688
0.798133 9.192489
0.514100 10.792693
-1.058336 10.511482
0.206683 10.428131
8.302876 10.832391
9.567101 11.311743
9.044822 9.407934
10.311797 10.749758
11.200520 10.784189
11.804693 9.664020
9.343062 11.546974
10.980870 12.007565
10.492327 10.740119
9.855768 9.909879
10.003459 10.147924
11.399024 9.908267
10.229691 9.560794
10.753050 10.389665
10.282760 10.047311
8.438247 11.258684
9.790766 11.487585
11.724355 8.864409
9.694325 10.337325
9.851524 9.306635
10.561293 11.140472
10.315791 10.408850
10.478502 8.844232
10.346081 9.640743
10.665518 10.549941
8.702992 10.037683
9.068345 10.664031
9.521082 10.095569
10.205837 9.658032
9.013073 9.068480
10.000188 10.935549
8.933705 9.496294
9.301609 9.707511
11.692962 11.671422
11.343945 9.963330
10.499128 10.667912
10.860620 10.237874
12.144399 10.043255
9.392745 11.470246
10.081597 10.014321
10.763359 11.093429
8.363950 10.053946
11.672410 9.246475
9.922546 9.470889
11.113733 9.969563
9.979325 10.764760
9.238198 9.122686
7.518290 9.992353
11.188619 10.892842
9.546005 8.142219
10.808769 9.606346
10.374033 10.495249
10.495128 10.615522
8.711262 10.364211
8.400381 8.986667
10.071976 10.530663
12.162561 11.143111
10.530578 8.907954
9.791858 8.634458
10.074409 8.296233
9.043248 10.710634
9.025119 9.821854
9.953765 10.447994
11.375906 9.655769
9.063947 10.919039
10.389142 9.446828
9.036547 10.680159
8.948054 10.097363
9.312765 9.469093
10.192023 10.400376
9.012355 10.119252
9.645497 10.225450
9.034052 10.016870
10.390632 8.899805
10.464909 9.924849
9.961643 9.068811
8.977180 9.506523
10.501068 9.522138
10.584265 11.261842
9.898584 11.848559
8.374827 8.565500
8.677281 9.715862
10.753502 9.599864
10.303638 8.933104
10.856171 9.855166
8.260620 8.877330
10.006968 9.919442
8.813723 10.342212
8.988573 9.883177
10.842194 9.315544
12.481833 10.860947
10.044858 9.737530
9.420529 11.767446
9.576424 9.524501
10.520164 9.772447
11.642743 10.638235
7.941905 9.343111
9.882914 9.797939
9.896682 9.249220
9.610410 9.334925
